!SYSTEM
 SYSTEM
 27340
 777777776000
 200000000000
 2260
 1
 500000777752
 500000777760
 500000000000
 130406526773
 0
 1
!SUBSYS
 
 153330
 0
 600000000000
 12574
 4
 500000777752
 500000777760
 500000000002
 0
 0
 1
!PMFDIR0
 
 0
 0
 600000000000
 0
 6
 500000777752
 500000777760
 500000000005
 0
 0
 0
!ACCOUNTS
 
 47040
 0
 600000000000
 3720
 5
 500000777700
 500000777760
 500000000002
 0
 0
 1
!OPERATOR
 OPERATOR
 11610
 000000600000
 200000000000
 764
 133
 500000777752
 500000777760
 500000000005
 130443067565
 1
 1
